1.702045771247829783e-02,3.062116298336907405e-03,8.128593739414328306e-03,7.815572190592749713e-03,1.043406242628300805e-02,7.515166129986710838e-03,-3.287382018161455564e-03,-3.293691782471225033e-03,-5.878553061932489422e-03,1.339455692276282986e-03,-1.175182713600652663e-02,-4.671548348127789810e-03,-6.777456545250872292e-04,2.211628756249337229e-03,-4.950293129272480448e-03,3.166728419548978622e-03,-1.465065972859821172e-04,-4.068993465972860907e-03,1.013459037241093950e-02,2.416187005407581263e-03,-1.099702915620853760e-02,4.019381618202178506e-03,1.062989138251195682e-02,-3.015720738700168688e-03,-1.385998942556882808e-02,1.002052303234361730e-02,1.202455468217534899e-02,-2.693429829609268657e-03,8.233581618202194530e-03,-3.846275620855059765e-03,1.199230103050662969e-03,2.489764783185346216e-03,8.144219328639889025e-03,-2.439501883481321690e-03,-8.410936226915638123e-03,-2.875060132639415539e-03,-1.392715575553515363e-02,5.248706870727433416e-03,3.239838857259428034e-03,1.073538027140083680e-02,2.667609227629786153e-03,-1.127679481277418447e-02,-1.233247338026662900e-03,1.558611921232480602e-03,-2.351639930619332883e-03,-1.323246282624217229e-02,-1.347034565452502261e-02,-1.156278875216815855e-02,1.127230323436035557e-04,-3.846361816141251333e-03,1.809762089582800729e-03,-1.074744981124419211e-03,6.823766803387363786e-03,4.491720338740917522e-03,-6.693187184980903606e-04,-4.001127472706900688e-03,-2.722200873380282299e-03,8.095789245994829478e-04,3.573573757779443930e-04,-3.830144981124393271e-03,-1.367764935822875401e-02,1.125338431180488742e-02,7.138934027139605442e-04,-6.179817034996396181e-03
3.062116298336907405e-03,3.536444155086219954e-02,-8.066525452504826749e-03,3.352897443118039739e-03,-3.110167876747257747e-03,-7.840508617488001208e-03,-1.018612321191718524e-03,-1.670366529945933008e-03,-4.457227809407202958e-03,-8.262330166309537344e-03,1.964609227629871523e-03,3.735546821752837180e-04,-8.397537353331298304e-04,-6.055045991225371967e-03,-1.769030121008052098e-02,5.875387005407605931e-03,2.068485321905974648e-03,-2.408779324558680060e-03,4.987360069380672792e-03,-7.958154408733798812e-03,-4.882703903683247547e-03,6.861040204060803518e-03,-2.555116698296090727e-03,2.094048958269567259e-03,1.234446938067572559e-03,-4.027040604019982428e-03,3.008899104581173531e-02,-1.205771243750645332e-03,-2.971537573716956544e-03,2.840271853892458159e-03,3.127777577798177781e-03,6.091978924599526779e-03,2.672766803387400907e-03,-1.819398853178251637e-03,-1.076105541883479698e-02,-1.501473488011412227e-02,8.027250525456967531e-04,3.691809901030501401e-03,-7.782724779104170480e-03,1.976372190592790359e-03,5.095934480155077037e-03,-1.265780289358222656e-02,-1.103058875216804229e-02,6.345048284868883524e-03,-1.301536900316263654e-03,-1.464102646260577456e-02,-1.271035373533306763e-02,7.687869833690467308e-03,-3.765840604019995812e-03,-3.136925452504849172e-03,2.711297623099697893e-02,2.151691382511982439e-03,1.113092055912652751e-03,4.422712257932875229e-03,1.210967320069386566e-02,-6.637246664626056739e-03,1.933124379145010783e-03,2.874904177124774224e-03,-2.535761816141209393e-03,4.575846938067569536e-03,1.968787005407645306e-03,2.908206754412787109e-04,3.491996433017029600e-03,9.164174884195559409e-03
8.128593739414328306e-03,-8.066525452504826749e-03,1.650417421079482250e-02,2.842597106417683785e-03,1.011964289766349896e-02,1.442485771247831346e-02,-3.037245991225411262e-03,-3.215111311090734000e-03,-2.719972590552005489e-03,4.902369496990106358e-03,-9.175357775737148433e-03,-5.720523432302852297e-03,-4.181651831445954283e-04,4.889764783185384170e-03,3.362176230996900567e-03,-1.703802220181642154e-03,7.042960963167319141e-04,-1.909635216814593861e-03,4.124281954902538593e-03,6.356211921232516118e-03,-4.128004240383603869e-03,-9.514823548617741024e-04,8.440694076114665240e-03,-3.315029156208567501e-03,-1.194396450974389255e-02,1.404821461483522251e-02,-4.606426242219467410e-04,-3.974627136006558988e-03,9.024495422916016876e-03,-6.051361816141234348e-03,-2.352300536679956863e-03,-2.485988078767497906e-03,3.914355355575931117e-03,-1.490143634323054782e-03,-4.735575553514930565e-05,6.992742560963299825e-03,-1.121479750637687997e-02,4.880651198857004170e-04,9.332419328639918882e-03,5.058182965003544564e-03,-1.933699189878611844e-03,-7.775547674727024960e-03,1.435666466687163896e-03,-4.434807607387030240e-03,-5.905039036832882829e-04,-7.873104577083907263e-03,-9.054876294255644054e-03,-1.339976383634322935e-02,-6.179187184981289015e-04,-2.279114678094092648e-03,-8.546574390367100765e-04,-3.792164509743930871e-03,3.426347274767852294e-03,2.432523032343630182e-03,1.466372863993509407e-03,4.802307764513658235e-04,-2.376064846444238265e-03,-2.339507270686694632e-03,-9.228399306193436902e-04,-4.313786731966124874e-03,-1.166640222018159798e-02,9.197298116518709196e-03,-2.752081681461104965e-03,-1.690569896949241716e-03
7.815572190592749713e-03,3.352897443118039739e-03,2.842597106417683785e-03,1.547268666870721746e-02,3.201621348841919307e-03,2.784391719212288025e-03,-1.061156428935878734e-03,3.441422695643241766e-03,-8.061052504846951544e-04,-2.519429829609251634e-03,-1.208549043566984477e-02,7.811216855422373076e-04,7.384799347004913786e-04,-4.183034543413974814e-03,-7.871956428935792532e-03,6.710176230996777250e-03,-8.559836563615960681e-03,-1.020432343230284061e-02,1.494848262830318630e-02,3.239857039077602766e-03,-1.422991467809406503e-02,6.913162762983313288e-03,6.560005860626417183e-03,-3.719050705030144295e-03,-1.191865272523213656e-02,5.281748621569191254e-03,8.381113604734247852e-03,4.718017981838529447e-03,4.517807207427775029e-03,-1.867272253851701060e-03,3.921900136720685853e-03,5.640657039077590432e-03,1.530277825119880260e-02,5.613612594633143535e-03,-2.554488415467840411e-03,-1.021483454341383899e-02,-1.330281905519845737e-02,5.654043571064120560e-03,3.402064446485007602e-03,9.677050305070853536e-03,6.579168150188698973e-03,-7.003347001326384359e-03,-8.967688415467755386e-03,4.572393066013615698e-03,-7.325636563615977627e-03,-9.406459459238821277e-03,-9.200564509743890812e-03,-7.206452051831467413e-03,-4.707495822875260895e-03,6.309748841954376450e-04,-7.690345654524958011e-03,2.563369496990045276e-03,1.433077017039072025e-02,-2.731720738700170893e-03,-7.214315351494739355e-03,-1.905790772370214532e-03,-5.682419728599151683e-03,4.743804513825059660e-03,-2.638417034996479345e-03,-4.209030503009927870e-03,-1.248786821344762335e-02,1.352216545658601124e-02,4.736674547495094145e-03,-1.269070255688193802e-02
1.043406242628300805e-02,-3.110167876747257747e-03,1.011964289766349896e-02,3.201621348841919307e-03,1.918866714008773955e-02,7.827770843791435548e-03,-3.071555082134510683e-03,1.570240424446103192e-04,-1.937281681461101857e-03,5.084838183858787081e-03,-1.154822242220180858e-02,2.516723032343602846e-03,-4.266964962759170173e-04,6.984566803387395884e-03,-2.014355082134423186e-03,3.094888688909258698e-03,-3.226901883481257238e-03,-5.897277641057026287e-03,3.704861752882325759e-03,8.486902830323413485e-03,-7.772646664626037608e-03,1.309875220895793469e-03,9.261718318538897030e-03,-4.465893802673222453e-03,-1.163927360065299121e-02,1.262734996837056901e-02,-3.379729492908824587e-03,-5.829047338026768429e-03,1.646718633200692020e-02,-3.103337573717002140e-03,5.886501483522052838e-03,-3.289186058565485727e-03,4.788379598000168207e-03,-2.310563836343264895e-03,8.386684868890848096e-04,2.458877914498643850e-03,-1.213832881950820466e-02,8.245533806754379649e-03,4.734332459953042617e-03,6.321429429650003012e-03,2.673991719212287944e-03,-7.026634543413901902e-03,-7.224531513110824844e-03,5.538549968370536786e-03,-4.913701883481278072e-03,-1.120630255688189608e-02,-1.025096316294252241e-02,-9.725517371696766611e-03,-8.106722538516735344e-04,-1.204090435669859021e-03,-6.312633196612474351e-03,-3.338695822875253211e-03,3.501927072747642710e-03,-3.658008280787691628e-03,-5.538251158044762285e-04,3.519216855422662316e-04,-6.344929492908891674e-03,2.599072527293095052e-03,-1.994371243750665476e-03,-8.317651378430778591e-03,-1.204626686664625294e-02,9.767100136720711923e-03,2.500498116518684762e-03,-9.606878987858341254e-03
7.515166129986710838e-03,-7.840508617488001208e-03,1.442485771247831346e-02,2.784391719212288025e-03,7.827770843791435548e-03,1.395787454749513809e-02,-2.858673600653028994e-03,-2.632094476073909648e-03,-1.926733533312956865e-03,2.475275220895821471e-03,-8.039007607386992188e-03,-5.914728819508247026e-03,4.932960963166745268e-04,3.044114951535541874e-03,3.109193066013727150e-03,-1.091896496275928741e-03,2.509070911133546897e-05,-1.296285048464432873e-03,3.922743234363808978e-03,4.556784311804895626e-03,-4.779431849811221177e-03,-3.890996428939355660e-05,7.305822022242601868e-03,-2.466012321191741671e-03,-1.086716989694928685e-02,1.317145367207426740e-02,-3.455146780940116587e-04,-2.555721412100843849e-03,6.396178924599514766e-03,-5.247233870013295366e-03,-2.088617034996464138e-03,-9.846379104173374509e-04,3.303594412814981392e-03,-8.233490215284500506e-04,-8.252278094072129037e-04,2.647648284869014938e-03,-1.017511400469338703e-02,4.468597326803041485e-04,9.408102830323413976e-03,5.739866466687039426e-03,-1.386460132639565947e-03,-7.102530839710198204e-03,6.814610794817688904e-04,-3.934457439036870806e-03,-2.737595755535114048e-05,-7.400087742067078429e-03,-8.736415014794366232e-03,-1.243319144577084180e-02,-4.924574390368585903e-04,-1.695764509743934341e-03,-1.046973937353215317e-03,-2.818925452504881992e-03,3.124586332006900214e-03,2.413206534027120907e-03,-4.648325232118837957e-04,5.474698336904136597e-04,-1.361492455871855843e-03,-2.277268213447646537e-03,-2.614897622691838121e-04,-2.899992119171520850e-03,-1.058016316294255361e-02,7.784314951535529700e-03,-2.642175957555391395e-03,-2.151219728599081463e-03
-3.287382018161455564e-03,-1.018612321191718524e-03,-3.037245991225411262e-03,-1.061156428935878734e-03,-3.071555082134510683e-03,-2.858673600653028994e-03,1.374044491786547556e-02,5.045795980001492988e-04,-3.829392792572233143e-03,2.500171517192099728e-03,4.114666466687063456e-03,-1.516103009897466021e-04,-4.475252051831492099e-03,-5.016554188348458683e-04,-2.599132859912218346e-03,-4.245555755535202792e-03,-3.280568550147939556e-03,-1.949499863279265067e-03,-2.431027136006582833e-03,-2.055208280787716203e-03,2.402686668707280319e-03,-4.338013667993113887e-03,3.365829429649990802e-03,9.337728639934260964e-04,4.088948621569212134e-03,-8.194761142740565954e-03,-5.868840604019954880e-03,1.332285995306547359e-03,-3.144803346597640505e-04,-2.258226462605905302e-03,8.272792612998132672e-04,5.877258385878943170e-03,1.138240424445940226e-04,1.912325052545606630e-03,-1.567775957555378507e-03,-5.667887521680437055e-04,5.514337847158446056e-03,6.575338067543605490e-04,-4.006675400469766521e-04,-1.520459459238906498e-03,-3.069563836343284103e-03,-2.607898785836554670e-05,2.380801820222489418e-03,-1.747005587185035663e-03,-1.798146327925738246e-03,3.778475220895863122e-03,6.179259059279683039e-03,1.910704850525437020e-03,1.127883301703864463e-03,-3.423423769003212328e-03,-2.398299863279161268e-03,9.102415288235842297e-03,3.625937394142897006e-04,8.132139414345125085e-04,6.144841550862170827e-03,-3.141967203346640158e-03,-2.657485048464465309e-03,-1.084483028262477446e-03,6.398509784715386778e-04,-3.187873600653018565e-03,5.260844244464838761e-03,-1.101788752168197114e-03,-1.358612994592443488e-03,2.119009901030531693e-03
-3.293691782471225033e-03,-1.670366529945933008e-03,-3.215111311090734000e-03,3.441422695643241766e-03,1.570240424446103192e-04,-2.632094476073909648e-03,5.045795980001492988e-04,9.817714278134824155e-03,3.589852998673552856e-03,-1.566916024895446827e-03,-7.657309964289371607e-03,6.968635490256039691e-03,2.276604060809625291e-04,4.274792612998286486e-04,-3.609331513110874013e-03,5.039245591266138836e-03,-8.062322758902156633e-03,-4.000031849811258068e-03,1.294107544128093781e-03,2.740037510458071066e-03,-1.066306754004693255e-02,2.996454345474895611e-03,-8.478136679931107993e-04,1.663574210794767838e-03,-6.207027809407223914e-03,-2.939959795939226222e-03,-9.176928146107498491e-03,5.451754008774557098e-03,6.663210121415771240e-04,4.988352661973214676e-03,6.137525052545600261e-03,-1.138495822875271396e-03,2.720069833690381359e-03,6.366793066013612910e-03,2.439136500357074952e-03,-9.593876294255593296e-03,-7.664305250484657051e-03,4.331335153555702401e-03,1.073133806754364905e-03,1.451230776451324428e-03,5.238015288235837487e-03,2.059833470054088598e-03,-8.931285721865056190e-03,7.156906870727417457e-03,-2.813011647791064523e-03,-8.091678767472386792e-04,-1.233384038363419125e-03,-2.156827136006552858e-03,1.378017981838539118e-03,3.530933133353686589e-03,-1.327272073870004558e-02,1.017438857259406540e-03,3.899950641771187526e-03,-4.902429156208590148e-03,-5.325912657892045016e-03,1.409945254565810610e-03,-8.114614794409018847e-04,6.067540540761086690e-03,1.359096769717325209e-03,6.549277461483214323e-04,-6.782132186511596710e-03,2.361237057442576329e-04,6.007077241097787124e-03,-1.436429986327923854e-02
-5.878553061932489422e-03,-4.457227809407202958e-03,-2.719972590552005489e-03,-8.061052504846951544e-04,-1.937281681461101857e-03,-1.926733533312956865e-03,-3.829392792572233143e-03,3.589852998673552856e-03,1.988843616365672598e-02,-4.155777304356718035e-03,1.676273200693805367e-03,1.929440877461435040e-03,1.684979912661968907e-02,-2.770270907050329402e-03,-4.242303903683255183e-03,4.586273200693757705e-03,-4.882406260585647403e-03,-4.022670907050306284e-03,-1.740531513110954139e-03,2.545731786552357396e-03,1.164848958269572429e-03,5.035593066013625656e-03,-8.688341614121047884e-03,-7.883981797776135276e-04,4.942666466687059730e-03,5.784956702377287360e-03,-9.346900536679877622e-03,5.936781618202179034e-03,-2.611873600653026248e-03,1.724824715845275870e-03,-2.609225115804560992e-03,-9.232459912254307836e-04,-1.132458112437556043e-03,4.063042897663455937e-03,1.467060855422914686e-02,-1.323951535149463232e-02,1.916277914498515193e-03,-4.546637237016679794e-03,-1.008505250484681426e-03,-2.989963836343279783e-03,3.590042897663453438e-03,-4.866250031629402138e-03,-1.644425811243743416e-02,-1.868732186511631345e-03,-1.992539593919001855e-03,-4.995140267319617307e-03,-4.166023095602468251e-03,6.534089362309950140e-03,5.068233690439362480e-04,1.729107185389241325e-02,-5.581026462605754267e-03,-8.743113110907538635e-04,-9.185773043567495039e-04,-3.329845991225416531e-03,-1.273632949290886412e-02,1.753963953066009843e-02,3.472327966533834509e-04,1.818234816855372792e-03,1.090791045811610391e-03,1.839288688909273498e-03,3.229228756249352423e-03,-3.184070907050346941e-03,2.183104850525406128e-03,-7.799827809407175461e-03
1.339455692276282986e-03,-8.262330166309537344e-03,4.902369496990106358e-03,-2.519429829609251634e-03,5.084838183858787081e-03,2.475275220895821471e-03,2.500171517192099728e-03,-1.566916024895446827e-03,-4.155777304356718035e-03,1.517323144985206589e-02,-1.047940267319641275e-03,-3.027883701663121579e-03,-5.939192119171531406e-03,1.044651562493623120e-02,5.276371517192187700e-03,-8.929718045097467111e-03,5.136380271400906375e-03,1.181004513825138725e-03,-1.878633870013288621e-03,8.523962762983358296e-03,3.654857712478349827e-03,-9.957398179777596572e-03,5.204778251198839689e-03,-4.775167203346612418e-03,-2.683213667993050461e-03,1.627298789919393897e-03,-4.280669560248882843e-03,-3.249209627589047002e-03,6.019357375777972460e-03,-7.187944307723724904e-03,-1.692327472706892707e-03,-5.360681681461098441e-03,-3.101160248954454432e-04,-7.245039036833228734e-04,2.611728419549027690e-03,1.565749340271414478e-02,-1.323713331292705742e-03,-3.636284828079021738e-04,1.997836837057429243e-03,-4.462843971023389492e-03,-8.049726125905546509e-03,7.995365003571504574e-04,6.464417308438007853e-03,-5.121723432302854005e-03,1.377580271400888085e-03,4.513201820222492028e-03,3.037430103050755680e-03,-8.286901883481270076e-03,1.993876788082696381e-04,-4.120252725232138695e-03,-9.116843750636427490e-04,-2.147080334659754331e-03,-5.150129945924166938e-04,1.936496096316694861e-03,9.002568150188796151e-03,-7.509072706866796532e-04,-1.653202893582283355e-03,-5.858978651158071836e-03,-1.933977977757388427e-03,-4.011702556881949211e-03,-2.351762489541867843e-03,4.094715624936210926e-03,-6.183553061932484801e-03,4.201847611468269121e-03
-1.175182713600652663e-02,1.964609227629871523e-03,-9.175357775737148433e-03,-1.208549043566984477e-02,-1.154822242220180858e-02,-8.039007607386992188e-03,4.114666466687063456e-03,-7.657309964289371607e-03,1.676273200693805367e-03,-1.047940267319641275e-03,3.754466579328642750e-02,-3.813833196612599879e-03,-1.104808280787678140e-03,-4.646433870013255175e-03,3.549977577798262094e-03,-9.775445317824723798e-03,8.095986332006983865e-03,8.058943907764548262e-03,-1.194936114274055064e-02,-8.232097843077233745e-03,3.516468599530664374e-02,-8.691458785838192258e-03,-9.556282354861753842e-03,4.734388572594609170e-04,3.826650350372413217e-02,-1.261731737169675439e-02,5.888253892460833510e-04,-1.706492455871860868e-03,-9.267258785838172752e-03,5.408839751045706884e-04,-7.787832523211927517e-03,4.345910458116431212e-04,-1.156250996428937090e-02,-6.011120065299468962e-03,2.996223369043991228e-03,6.400432796653549722e-03,3.802200384042447867e-02,-9.505244644424048345e-03,-5.682223769003161631e-03,-1.303290457708398443e-02,-9.079342287521692881e-03,5.460475894296558906e-03,7.796467813488526175e-03,-8.728561816141223312e-03,5.583186332006963987e-03,1.057614121416190073e-02,1.234259171921238234e-02,3.013548195490258624e-02,-2.740784038363433105e-03,-2.002022201816190227e-04,1.230258835220910014e-02,1.893747948168543558e-03,-1.178562915620856751e-02,-7.190089541883409006e-04,2.856729766350429422e-03,9.754765676971714674e-04,4.702514278134904517e-03,-8.352372590551998197e-03,-3.834149694929091506e-03,5.406459059279682469e-03,3.816028801550865046e-02,-1.284234498112438519e-02,-7.835502556881965286e-03,3.297256478318545680e-02
-4.671548348127789810e-03,3.735546821752837180e-04,-5.720523432302852297e-03,7.811216855422373076e-04,2.516723032343602846e-03,-5.914728819508247026e-03,-1.516103009897466021e-04,6.968635490256039691e-03,1.929440877461435040e-03,-3.027883701663121579e-03,-3.813833196612599879e-03,3.203866781348835985e-02,-8.743072706867122514e-04,-6.607106376900664501e-04,1.011452545658955932e-04,1.106394458116513081e-02,-1.231417932455871819e-02,-7.223888415467821095e-03,-2.787749021528466899e-03,2.159958722579286786e-03,-7.058035216814607764e-03,8.524708890929443700e-03,1.457663099683659215e-03,6.289050978471539925e-03,-1.564995486174894194e-03,-6.574594139373566085e-03,-1.526211804509739964e-02,-6.359914457708951618e-04,3.153020002040569838e-03,1.300082942964998593e-02,2.007000182022237664e-02,-5.701352388531833251e-03,1.726768823589374920e-03,1.455603167023720784e-03,2.930279934700511912e-03,-8.142288415467708110e-03,-2.429050705030106217e-03,1.359625636567691857e-02,-1.663278314457752394e-03,7.504087746143063618e-05,1.120726983369038469e-02,1.352286579328642116e-02,-6.657364509743841571e-03,2.064849474951531080e-02,-7.278979324558736315e-03,2.792753335373978837e-03,7.193537173757797061e-03,3.138094076114665478e-03,-2.289616361595801872e-03,3.753187678808235159e-03,-1.899968841546771300e-02,-2.655862152841599773e-03,1.658538520559069357e-03,-1.258106349964292769e-02,-6.275324779104161921e-03,-7.414668666463062382e-04,-4.843318045097464927e-03,1.380279508621564191e-02,-2.805093129272571637e-03,-3.534262152841572985e-03,-2.294877641057046710e-03,-8.703995265789718321e-04,1.376722067544122741e-02,-1.490148976226913190e-02
-6.777456545250872292e-04,-8.397537353331298304e-04,-4.181651831445954283e-04,7.384799347004913786e-04,-4.266964962759170173e-04,4.932960963166745268e-04,-4.475252051831492099e-03,2.276604060809625291e-04,1.684979912661968907e-02,-5.939192119171531406e-03,-1.104808280787678140e-03,-8.743072706867122514e-04,1.886538431180487599e-02,-3.542574610754033442e-03,-6.030496496275846580e-03,5.478858385878945629e-03,-4.514821075400459773e-03,-4.595752388531785561e-03,1.020720338740900698e-03,6.875391939597670079e-04,-2.347121412100795952e-03,7.635511584532145117e-03,-6.809311984491417391e-03,-1.081299459242681687e-05,7.889183185389121505e-04,1.027009744311802551e-02,-1.244982018161359732e-03,3.885144581165139548e-03,-2.246732859912285024e-03,-3.022567656362019407e-04,-3.326528819508260335e-03,2.782450305070867987e-03,9.457151719207581415e-05,2.257516971737533532e-03,8.786082628303213890e-03,-1.467426349964277843e-02,-2.101470233649631574e-03,-3.845940940720381316e-03,-1.802253398632828324e-03,-2.882309560253548252e-05,4.094183638404194463e-03,-8.875553735333109942e-03,-1.594333959391891486e-02,-2.585035890215330989e-03,-2.322287742067147883e-03,-1.006133285991221010e-02,-8.300549021528392732e-03,3.583896769717361507e-03,2.144085542291225815e-04,1.539199037241093491e-02,4.937809448016535581e-04,-5.994834812778885338e-05,-2.777698969493389426e-04,1.160725272931065942e-04,-1.233063319661257227e-02,1.534844693806750038e-02,2.520402040607932527e-04,1.255597779818337515e-03,2.045820675441242711e-03,1.548984985205573151e-03,-4.432971696765725914e-04,-1.419819055198491510e-03,1.700245591266149291e-03,-7.188575957555325829e-03
2.211628756249337229e-03,-6.055045991225371967e-03,4.889764783185384170e-03,-4.183034543413974814e-03,6.984566803387395884e-03,3.044114951535541874e-03,-5.016554188348458683e-04,4.274792612998286486e-04,-2.770270907050329402e-03,1.044651562493623120e-02,-4.646433870013255175e-03,-6.607106376900664501e-04,-3.542574610754033442e-03,1.498846646668706636e-02,4.009989025609686508e-03,-6.595989425568854481e-03,6.132553335373963632e-03,3.867733133353749853e-03,-3.389349694929122327e-03,8.730913604734191411e-03,-2.096302556881927265e-03,-7.637669560248989270e-03,4.118062426283007615e-03,-1.322327472706891953e-03,-6.334151715131107648e-03,4.402360742781337433e-03,-6.759163162942493155e-03,-5.865925452504881787e-03,6.537641550862140043e-03,-4.517437910417336153e-03,7.272900357106058160e-04,-7.247286395265822162e-03,-2.610720738700168710e-03,-3.329975063769342230e-04,1.777012594633193502e-03,8.455888688909415571e-03,-4.986318045097430131e-03,2.056433470054042437e-03,1.549676567697150622e-03,-3.423115351494779909e-03,-6.282108617488050065e-03,-1.147179324558684089e-03,1.408590372411060469e-03,-2.030550368329799710e-03,3.394420002040609858e-03,-4.459584491377877676e-04,-1.595285721865080837e-03,-1.074572881950821603e-02,4.077227409447990378e-03,-2.954968550147975010e-03,-1.451511311090588566e-03,-4.698685048464475676e-03,-2.290173263952693852e-03,2.648669160289750420e-03,8.813296769717406109e-03,4.295991266197063830e-04,1.003192392612993738e-03,-3.558694476073907560e-03,1.558861752882332143e-03,-1.567196159575560098e-03,-5.793144981124370187e-03,1.746777577798154513e-03,-4.021824442403875051e-03,-1.256423769003120298e-03
-4.950293129272480448e-03,-1.769030121008052098e-02,3.362176230996900567e-03,-7.871956428935792532e-03,-2.014355082134423186e-03,3.109193066013727150e-03,-2.599132859912218346e-03,-3.609331513110874013e-03,-4.242303903683255183e-03,5.276371517192187700e-03,3.549977577798262094e-03,1.011452545658955932e-04,-6.030496496275846580e-03,4.009989025609686508e-03,3.168317825119897763e-02,-8.191133533312893594e-03,1.643853672074367537e-03,6.936255692276374792e-03,-7.758827136006494520e-03,5.274361636568186164e-04,8.275220002040704209e-03,-8.928480334659693110e-03,-4.987483481277010669e-04,-1.365826915620405990e-04,1.695815288235965734e-03,-1.248338920518259586e-03,-1.586919615957541746e-02,-7.833069560248921703e-03,-1.442169223548566033e-03,-2.880470907050264318e-03,-1.057298516477876661e-03,-8.360097169676526663e-03,-7.290309290888653468e-03,-3.974586058565415976e-03,3.525201820222489263e-03,3.330063347005424862e-02,5.422648958269644590e-03,-1.194155082134441305e-03,3.167754682175333639e-03,-6.297815014794376672e-03,-7.853808280787639984e-03,2.859756545658615964e-02,3.018911293133368437e-02,-3.092250031629393062e-03,3.194164783185458965e-03,2.850923077645150724e-02,2.343245905927976783e-02,-4.382761816141142290e-03,-1.148138920518270703e-03,-5.695334880114235644e-03,-1.018198875216796452e-02,-6.747384711764072528e-03,-6.669095149474511645e-03,-6.944808280787622551e-03,3.093043975114748731e-05,-2.379767203346553218e-03,-4.130628262421564092e-04,-5.582060806040168438e-03,-2.599282354861705193e-03,-2.478895822875153056e-03,2.653155355576035553e-03,-4.629588752168109500e-03,-6.027635216814579248e-03,2.444098789919506125e-03
3.166728419548978622e-03,5.875387005407605931e-03,-1.703802220181642154e-03,6.710176230996777250e-03,3.094888688909258698e-03,-1.091896496275928741e-03,-4.245555755535202792e-03,5.039245591266138836e-03,4.586273200693757705e-03,-8.929718045097467111e-03,-9.775445317824723798e-03,1.106394458116513081e-02,5.478858385878945629e-03,-6.595989425568854481e-03,-8.191133533312893594e-03,2.053977690439745887e-02,-1.382501366799306075e-02,-9.341056092235502581e-03,5.662194412814965105e-03,-4.064097843077280753e-03,-1.402042511580450790e-02,2.006887454749509830e-02,-7.741712437506857985e-04,5.164327746148304407e-03,-8.591829829609242894e-03,1.173127072747645301e-03,2.207047611468258581e-03,3.924951988572538374e-03,1.935185658606224752e-03,1.082488397510452879e-02,7.744500810121360268e-03,2.399591045811600570e-03,5.324045591266138820e-03,1.544435490256041311e-03,-2.357766309560552936e-04,-1.453334498112427743e-02,-1.118566282624223335e-02,7.466755355575905792e-03,-3.908904356698744914e-04,7.023762089582639284e-03,1.920699104581159375e-02,-1.538746327925707980e-03,-1.247108774206707668e-02,1.149343818385873198e-02,-7.601147001326418948e-03,-1.040819211917147838e-02,-8.005074947454327711e-03,1.643708437914288454e-04,-3.834784038363478129e-03,6.097797779818336927e-03,-1.096152275890206057e-02,-3.936964962759453802e-04,5.132037510458057651e-03,-7.014564509743940676e-03,-1.387893690031628650e-02,1.243476567697126157e-03,-4.155707944087364512e-03,1.641196074278129455e-02,-1.711927472706914434e-03,-1.558207607387029165e-03,-9.506156428935839953e-03,2.281543907764462149e-03,1.683471966534021147e-02,-1.756343521681459630e-02
-1.465065972859821172e-04,2.068485321905974648e-03,7.042960963167319141e-04,-8.559836563615960681e-03,-3.226901883481257238e-03,2.509070911133546897e-05,-3.280568550147939556e-03,-8.062322758902156633e-03,-4.882406260585647403e-03,5.136380271400906375e-03,8.095986332006983865e-03,-1.231417932455871819e-02,-4.514821075400459773e-03,6.132553335373963632e-03,1.643853672074367537e-03,-1.382501366799306075e-02,3.951452909294975169e-02,1.793904222426287443e-02,-4.887596159575553420e-03,-2.148777304356683238e-03,1.829167320069386912e-02,-1.362324935822874922e-02,-3.707184038363423636e-03,-5.471907270686657797e-03,8.754824042444687981e-03,2.554114278134904555e-03,9.757368150188858516e-03,-5.780949694929091338e-03,-3.710604913784289714e-03,-6.320573263952656076e-03,-1.274495642893582609e-02,-6.961866193245585914e-03,-8.405189425568820177e-03,-7.325466193245588030e-03,7.738772410978744841e-04,1.023642000204076467e-02,9.394879934700584370e-03,-1.158792410570349748e-02,-2.615903230282615177e-03,-6.482806260585653561e-03,-1.349991063769003137e-02,-7.331425789205118712e-03,8.917566129986852913e-03,-1.267290794408734364e-02,1.270084020406084431e-02,3.187795086215782121e-03,-1.537309964289289418e-03,-1.426197506376866361e-03,3.805536500357116839e-03,-5.125215014794403355e-03,1.789924222426298242e-02,-6.093042624222015993e-03,-8.655975284154682203e-03,1.721975602897666061e-02,1.979705030507098243e-02,-1.660536226915609133e-03,7.793279261299898564e-03,-1.192105205183144855e-02,1.466837510458125554e-03,4.457446264666900700e-03,7.463052998673645917e-03,-2.826468886848277923e-03,-1.188518201816141616e-02,2.644632976635044597e-02
-4.068993465972860907e-03,-2.408779324558680060e-03,-1.909635216814593861e-03,-1.020432343230284061e-02,-5.897277641057026287e-03,-1.296285048464432873e-03,-1.949499863279265067e-03,-4.000031849811258068e-03,-4.022670907050306284e-03,1.181004513825138725e-03,8.058943907764548262e-03,-7.223888415467821095e-03,-4.595752388531785561e-03,3.867733133353749853e-03,6.936255692276374792e-03,-9.341056092235502581e-03,1.793904222426287443e-02,1.756222202224266490e-02,-8.892194139373544789e-03,-4.032708617488008941e-03,1.289274188756253832e-02,-9.452736226915633630e-03,-4.979337573716968376e-03,1.376716971737575873e-03,8.239114951535585207e-03,-4.785705923885307141e-03,-1.264340940720245924e-03,-4.199325452504859384e-03,-6.628202893582279924e-03,-1.154949021528423525e-03,-7.515332186511593064e-03,-5.583908617488019324e-03,-1.109178740536681008e-02,-5.355619728599133114e-03,-8.639429609223399928e-04,8.018377577798328423e-03,1.010605973268037354e-02,-8.069744307723714788e-03,-1.882834543413938527e-03,-5.913182018161423220e-03,-8.929397506376916469e-03,4.136531786552449623e-03,1.135152370574441655e-02,-7.363394812774221726e-03,1.278557555759618838e-02,8.295530439751128485e-03,5.437647611468274765e-03,1.633315624936253771e-03,6.154160742781343910e-03,-5.178035216814618445e-03,9.251422022242768856e-03,-4.279751715131120161e-03,-9.869017708397119504e-03,7.644713604734214123e-03,9.562674547495209065e-03,-2.565245317824713447e-03,9.641125725946353767e-03,-7.270538920518329097e-03,4.241795086215690430e-03,7.725848284868907546e-03,8.370899463320098655e-03,-9.811733533312936781e-03,-7.511224442403852640e-03,1.486839845321912684e-02
1.013459037241093950e-02,4.987360069380672792e-03,4.124281954902538593e-03,1.494848262830318630e-02,3.704861752882325759e-03,3.922743234363808978e-03,-2.431027136006582833e-03,1.294107544128093781e-03,-1.740531513110954139e-03,-1.878633870013288621e-03,-1.194936114274055064e-02,-2.787749021528466899e-03,1.020720338740900698e-03,-3.389349694929122327e-03,-7.758827136006494520e-03,5.662194412814965105e-03,-4.887596159575553420e-03,-8.892194139373544789e-03,1.615672303234359439e-02,2.671541887562455322e-03,-1.348467427405366202e-02,6.383180944801499640e-03,6.424468486889044726e-03,-3.987254745434182235e-03,-1.215652343230284177e-02,8.213211247831822548e-03,1.425035400877466829e-02,3.016925052545606049e-03,4.448825389245957516e-03,-3.103920738700184385e-03,1.322029429649981347e-03,5.996897443118000791e-03,1.478324087746142775e-02,3.931630776451329641e-03,-4.451914678094100360e-03,-9.248149694928990000e-03,-1.351024531782471852e-02,4.145728419548973254e-03,3.015304850525413020e-03,9.705846264666816853e-03,5.270186332006884279e-03,-9.554217708397084313e-03,-7.927225789205124412e-03,2.257300136720688001e-03,-6.192951715131126550e-03,-1.116433016630952353e-02,-1.146321299459236893e-02,-7.616211647791065915e-03,-4.587588752168189794e-03,-1.317847117641544484e-04,-3.222771917151214926e-03,1.579276567697120116e-03,1.322101057443112945e-02,9.251966534023647762e-05,-5.156408280787660829e-03,-2.227105923885361501e-03,-4.926734880114300337e-03,2.970711584532134946e-03,-2.625621075400517285e-03,-3.844234543413965061e-03,-1.270685003162943735e-02,1.468407252729308707e-02,3.054026062646612773e-03,-9.684906597285972488e-03
2.416187005407581263e-03,-7.958154408733798812e-03,6.356211921232516118e-03,3.239857039077602766e-03,8.486902830323413485e-03,4.556784311804895626e-03,-2.055208280787716203e-03,2.740037510458071066e-03,2.545731786552357396e-03,8.523962762983358296e-03,-8.232097843077233745e-03,2.159958722579286786e-03,6.875391939597670079e-04,8.730913604734191411e-03,5.274361636568186164e-04,-4.064097843077280753e-03,-2.148777304356683238e-03,-4.032708617488008941e-03,2.671541887562455322e-03,1.456191629833688411e-02,-5.688855418834796313e-03,-4.940111311090745680e-03,5.442954008774582471e-03,-5.260547001326425914e-03,-8.112371243750641364e-03,8.046807880828472231e-03,-8.625160469339809843e-03,-1.626922758902195690e-03,7.916977577798162136e-03,-4.516546327925760086e-03,3.714181618202181279e-03,-5.064172590552024414e-03,4.955837510458071041e-03,3.448560742781307201e-03,5.894348621569213409e-03,1.502335826956549287e-03,-8.103648684828075946e-03,4.056213941434506226e-03,4.114679261299837229e-03,1.356554008774573782e-03,-3.952883701663138100e-03,-3.097954408733774243e-03,-6.726629156208474569e-03,1.608452325272887850e-03,-2.619466193245591386e-03,-4.150955755535098469e-03,-4.085171917151282292e-03,-8.744503903683307697e-03,2.024523252728999969e-04,2.415256365676935520e-03,-7.543397506376789755e-03,-3.305682354861792620e-03,4.771273874094436943e-03,-3.664439257218674115e-03,-7.925609223545946528e-05,4.322824042444616682e-03,-3.556916024895429278e-03,-2.591914004693442967e-03,-1.109913331292758333e-03,-4.804304577083987060e-03,-8.300142287521683482e-03,7.986224715845285926e-03,-2.929155082134519798e-03,-7.103421075400434548e-03
-1.099702915620853760e-02,-4.882703903683247547e-03,-4.128004240383603869e-03,-1.422991467809406503e-02,-7.772646664626037608e-03,-4.779431849811221177e-03,2.402686668707280319e-03,-1.066306754004693255e-02,1.164848958269572429e-03,3.654857712478349827e-03,3.516468599530664374e-02,-7.058035216814607764e-03,-2.347121412100795952e-03,-2.096302556881927265e-03,8.275220002040704209e-03,-1.402042511580450790e-02,1.829167320069386912e-02,1.289274188756253832e-02,-1.348467427405366202e-02,-5.688855418834796313e-03,4.508248397510464245e-02,-1.359121636159575305e-02,-8.046706597285976578e-03,-3.878874274053655240e-03,3.743985703907767859e-02,-8.572630503009871089e-03,-6.291043297622589403e-03,-4.172583364962759341e-03,-5.628016361595733832e-03,-2.897651378430766110e-03,-1.102414565452504436e-02,-2.919277641057029579e-03,-1.321393420671360466e-02,-8.943433196612586220e-03,8.579688015508651899e-03,1.665323077645153999e-02,3.815757959800025051e-02,-1.234577999795938644e-02,-4.037092455871834143e-03,-1.342543993061932374e-02,-1.319454430772370145e-02,5.565829429650106727e-03,1.320526579328652229e-02,-1.210731939189878779e-02,8.086095422916068226e-03,1.325016141618211470e-02,1.383272303234371441e-02,2.432094660136724720e-02,-1.995208280787661402e-03,-1.156515351494738367e-03,8.827164109784868887e-03,-8.316762942556859498e-04,-1.389416450974390038e-02,2.105668033874311823e-04,7.460972190592865885e-03,2.245607880828497539e-03,4.233534480155120260e-03,-1.220379683297622558e-02,-4.792240604019987367e-03,3.034368150188787149e-03,3.621975266197331039e-02,-1.186499144577083352e-02,-1.167159346597286367e-02,3.751714054076123184e-02
4.019381618202178506e-03,6.861040204060803518e-03,-9.514823548617741024e-04,6.913162762983313288e-03,1.309875220895793469e-03,-3.890996428939355660e-05,-4.338013667993113887e-03,2.996454345474895611e-03,5.035593066013625656e-03,-9.957398179777596572e-03,-8.691458785838192258e-03,8.524708890929443700e-03,7.635511584532145117e-03,-7.637669560248989270e-03,-8.928480334659693110e-03,2.006887454749509830e-02,-1.362324935822874922e-02,-9.452736226915633630e-03,6.383180944801499640e-03,-4.940111311090745680e-03,-1.359121636159575305e-02,2.192530552392607524e-02,-1.171518045097483772e-03,5.272092055912615607e-03,-7.975509964289376197e-03,3.536558049178625124e-03,6.640145254565903155e-03,3.606938520559075517e-03,2.248388572594263598e-04,8.535092729313282708e-03,5.373931786552338212e-03,5.155466466687022402e-03,5.432143234363782242e-03,1.425866466687020001e-03,-8.823456545250766983e-04,-1.510769178247107700e-02,-1.052878740536681082e-02,5.391075220895773408e-03,-7.069039036833400097e-04,7.864637510458065417e-03,1.859275535557590453e-02,-4.513870907050287866e-03,-1.244554565452498512e-02,8.178980271400822580e-03,-7.341827136006550195e-03,-1.253298336496272251e-02,-9.637088415467795835e-03,3.866907091112942868e-04,-4.797019728599165832e-03,6.748117645138204668e-03,-5.676314004693304785e-03,1.256233690439211275e-04,5.264135153555703391e-03,-5.560244644424075511e-03,-1.435317259055197275e-02,2.124574210794773297e-03,-3.664165856545276156e-03,1.483050283032338358e-02,-2.291052051831493977e-03,-7.737766309560508609e-04,-8.814281008060417116e-03,2.500863773084329930e-03,1.524348397510452875e-02,-1.441011535149472160e-02
1.062989138251195682e-02,-2.555116698296090727e-03,8.440694076114665240e-03,6.560005860626417183e-03,9.261718318538897030e-03,7.305822022242601868e-03,3.365829429649990802e-03,-8.478136679931107993e-04,-8.688341614121047884e-03,5.204778251198839689e-03,-9.556282354861753842e-03,1.457663099683659215e-03,-6.809311984491417391e-03,4.118062426283007615e-03,-4.987483481277010669e-04,-7.741712437506857985e-04,-3.707184038363423636e-03,-4.979337573716968376e-03,6.424468486889044726e-03,5.442954008774582471e-03,-8.046706597285976578e-03,-1.171518045097483772e-03,1.448076949699006639e-02,-3.021398179777610993e-03,-1.215411131109070744e-02,3.825956702377286255e-03,-3.262338700132114220e-04,-2.607662826242267053e-03,9.845681954902528801e-03,-4.151619728599164998e-03,5.248108217528777569e-03,6.004206754412384772e-04,8.181764109784668559e-03,1.129317865523481895e-04,-5.157835890215304621e-03,2.392151315172031181e-03,-1.021605541883480878e-02,7.704918318538879138e-03,6.024272527293097861e-03,8.430480608101167256e-03,-1.585126578920994166e-04,-4.126472253851626304e-03,2.875519665340340973e-03,2.817601146821704840e-03,-3.652428482807887518e-03,-5.724473600652951744e-03,-5.195467540046908722e-03,-1.243857730435670578e-02,-9.340655198449502716e-04,-6.837928146107582691e-03,-5.289693129272417249e-03,9.991331333536945455e-04,7.582867140087697598e-03,-6.607348801143013775e-04,4.293892729313356776e-03,-6.315582691562119343e-03,-5.200544981124392320e-03,9.382348168553741700e-04,-1.502653398632830366e-03,-6.778822422201838047e-03,-1.112632679930619650e-02,1.101015131517188439e-02,2.999937394142965274e-04,-5.330383364962728611e-03
-3.015720738700168688e-03,2.094048958269567259e-03,-3.315029156208567501e-03,-3.719050705030144295e-03,-4.465893802673222453e-03,-2.466012321191741671e-03,9.337728639934260964e-04,1.663574210794767838e-03,-7.883981797776135276e-04,-4.775167203346612418e-03,4.734388572594609170e-04,6.289050978471539925e-03,-1.081299459242681687e-05,-1.322327472706891953e-03,-1.365826915620405990e-04,5.164327746148304407e-03,-5.471907270686657797e-03,1.376716971737575873e-03,-3.987254745434182235e-03,-5.260547001326425914e-03,-3.878874274053655240e-03,5.272092055912615607e-03,-3.021398179777610993e-03,1.136965636567693720e-02,9.044987899193846761e-04,-6.315655418834837352e-03,-2.298512657892000377e-03,3.477250525456110461e-04,-4.971596832976254814e-03,1.035287926129982786e-02,2.667273874094433506e-03,8.918085542291168209e-04,-4.787403566983003921e-03,-1.117902556881995857e-03,-5.878559122538536824e-03,-5.315571917151199442e-03,3.071102377308415556e-04,1.642528419548980496e-03,-2.590450705030134318e-03,-1.998798179777620289e-03,5.009208554229112494e-03,5.160471180491808807e-03,7.256853219059986038e-04,4.638322358942917334e-03,9.769593959799926196e-04,7.716920559127070107e-04,2.753364783185414423e-03,4.203588352208944591e-03,2.710989025609594327e-03,-7.068736006530355626e-04,-2.623971917151206659e-03,8.235210121415718378e-04,-4.102078314457754428e-03,-4.284581124375341603e-04,-2.464719391898764940e-03,-2.548861479440909638e-03,2.848954008774598565e-03,5.693400473421031914e-03,3.449290035710603133e-03,3.738343234363822928e-03,1.336505523926121656e-03,-7.370683028262462085e-03,5.621381618202176897e-03,-5.065995486174850598e-03
